url_path,views_total,views_unique
/ArrowElectronics/10BASE-T1L-MC,14,7
/ArrowElectronics/10BASE-T1L-MC/tree/main/FW_Package,9,5
/ArrowElectronics/10BASE-T1L-MC/tree/main/FW_Package/10BASE-T1L-MC_SourceCode,7,4
/ArrowElectronics/10BASE-T1L-MC/blob/main/FW_Package/10BASE-T1L-MC_SourceCode/src/main.c,5,4
/ArrowElectronics/10BASE-T1L-MC/tree/main/FW_Package/10BASE-T1L-MC_SourceCode/src,5,3
/ArrowElectronics/10BASE-T1L-MC/blob/main/FW_Package/Programming_32660.pdf,5,1
/ArrowElectronics/10BASE-T1L-MC/blob/main/FW_Package/10BASE-T1L-MC_SourceCode/src/adin1100.c,3,2
/ArrowElectronics/10BASE-T1L-MC/blob/main/FW_Package/10BASE-T1L-MC_SourceCode/src/adin1200.c,2,2
/ArrowElectronics/10BASE-T1L-MC/blob/main/HW_Package/Schematics/eI_AIT1L_16_00970_02.pdf,2,2
/ArrowElectronics/10BASE-T1L-MC/blob/main/Manuals/10ASE-T1L_Quick Start Guide.pdf,2,2
